198329

16348
73316
20404
-99620
-20422
-63157
-40645
42456
-11687
-95890
90734
-45975
-98100
-45785
57390
49947
56990
-69936
47946
-25568
86001
35614
55742
3061
-56582
17317
-80227
75340
-83790
8274
25549
-25628
97634
23803
-54796
-91640
89883
-32776
-61001
48411
86303
1872
14392
72453
-99515
-98761
-27721
-23642
17100
-83455
-39645
-62964
78447
39618
-82019
94016
-93858
-67381
-48167
27868
-30333
64636
-58127
-17153
21941
-42976
46297
-4652
-98470
-82825
-65792
-40353
6697
57691
-91873
-96854
34058
3357
48102
88017
88038
-81847
-76220
98921
14578
-17365
-10863
-33950
641
23595
-12759
91952
8356
-55408
-66160
-40111
88051
-64526
-5530
59230
-46087
599
-48387
12322
44631
31600
8257
71824
36303
10173
-39053
79534
-33053
75728
-33331
70551
30297
85107
-57481
-62580
52237
-90484
96161
-31693
52628
-85903
-16331
67980
5903
39750
93857
23574
-53697
55297
8871
-46794
99136
50191
-34420
-17356
-95084
-57144
8544
12534
-68664
40955
-18599
-71993
-33993
-94763
-77909
48630
-1623
5932
-24410
63427
40037
98285
53001
-84722
84862
-7362
9628
2393
35161
-71034
6792
47261
-63688
-92721
89021
-65644
-57648
32538
-17352
79506
86993
98878
47375
-47563
58891
95341
-26789
14443
-98254
51832
62200
27441
-12362
-67771
-74211
-9377
-98879
-281
56066
8553
-36325
40279
-42767
-62152
-11399
-99509
27325
40609
81197
12869
-13994
88608
7407
18877
-85461
-61150
-39513
-75479
-70171
-65468
56716
66104
68115
23261
-68829
-37819
25773
-72813
81544
-16642
69776
-96635
72901
85706
-78824
7965
-69327
89846
45382
-64011
-55687
-4087
61174
72155
-97602
-98225
-87710
-48108
-8567
-27225
53306
34516
-79732
57158
18346
69550
82162
30898
-45274
-10464
29588
-86498
77984
16908
77183
-44629
42496
74670
75692
-41776
-38472
12730
42953
58923
-87208
-72254
84973
-4042
93193
11957
-81423
17249
71067
22529
3288
46527
-42955
68073
37187
73570
-48642
31682
70690
-91264
49107
86913
11964
-53809
38001
-67137
30817
-31674
-79078
-63264
-41334
56202
4685
-77073
12514
33536
49836
-19828
35070
62842
46835
80378
-47266
59047
-81237
-20418
69515
-32414
-79918
-38256
8096
-25437
8830
52430
-86780
56688
55501
-96949
80370
-57847
-27332
-98161
-83092
27357
-38277
-30725
-62563
29976
-3595
-92210
-89976
-42133
-7642
-64269
-1017
38229
62907
-72164
38890
-55183
88581
-5785
-51701
72490
-32909
26239
-45605
5625
-55786
20320
-55880
-61996
57237
-64584
-77048
97970
74950
90345
98833
-23095
-15270
74796
84372
9146
16970
-21581
5063
-74441
83308
-79452
-1734
-74957
-21981
-6373
78937
-68728
-56483
-78990
-94466
97646
52817
86570
-32901
91793
35808
-21757
-17985
22716
-78261
59732
-86419
28377
51253
4065
9153
-23160
-5510
-75166
-56519
89893
10152
-32704
82296
-80762
54418
-92964
-85349
-71584
33108
3237
16682
37260
-57599
-93027
-89464
-15809
49595
-10708
41506
-31776
-51818
16317
-74511
68814
63484
-48889
54292
-7301
34938
-98167
-64465
64915
-80358
-86004
92043
60867
-97662
2955
34562
-88431
2422
-16291
10593
-86862
34227
-40684
89001
-26332
-6059
-2215
36759
67264
-6224
-38142
-89564
26893
67272
-33765
43413
-17511
-49868
-25196
90789
57566
-20818
40307
30618
-62684
-83508
90328
73559
75009
-93631
-40897
64252
-55488
99429
-10211
40427
-17517
16671
65571
-73275
93272
-91853
-29844
96228
12189
-24409
-86127
-38535
-77552
-42426
16251
-7586
-38268
35353
-88080
8958
-41110
-79271
537
-76727
47071
21789
-8508
-95402
-34434
27091
-19987
12056
5085
52354
65681
50119
-30949
12671
-2751
8874
67144
-29126
-26977
-39990
-24900
68038
81633
-26000
-70741
-60583
-46212
-82200
-33484
59523
-80544
99619
57503
-26444
-38646
-42725
22114
-63776
67858
63253
22525
74784
-90848
-77827
8409
-97862
5335
-120
42599
-31391
70434
-34820
3683
86638
19826
91832
25526
53605
-46126
98191
74745
65488
59336
4906
-40200
-81681
35448
73837
80725
55320
54573
-89078
76249
-44291
-39374
42488
-1412
61167
7442
-36371
38904
5300
94550
-67194
-27514
17136
20366
-2683
90172
-61038
26002
35029
-97407
-80957
-30413
-89856
-76353
32733
-38611
67619
4297
83234
31983
44253
-93931
-118
91220
-24889
-37946
78320
-79044
-90695
-99605
15433
-95562
67216
15646
50394
-62782
-94871
42497
16339
35717
-63957
-83600
88698
-51109
-13643
89517
-73351
78244
-86848
2569
-74712
-36586
-42480
-40694
-27165
-43381
37748
45705
-75502
23917
83672
-18442
-76702
63634
89948
10850
68290
-76488
-99098
30219
-33065
39487
-72797
81144
-35534
-62662
46876
92117
61824
-76852
-53574
12137
-29940
-36907
-71548
-75068
-54436
-39946
3461
94468
64516
65089
67275
82591
-81581
-20333
-56064
-19213
37269
47278
-57159
-23434
-18678
-30353
-25167
-90118
-6342
11221
-46223
19863
75014
-41792
-42264
-66437
-11251
-94697
30074
81379
24744
50612
33099
55456
-84774
-93332
-75013
35550
96453
-59527
75317
4778
88665
-68770
11212
12467
56170
-13708
-99838
40196
47044
-59756
77017
-29224
-68399
-35994
8807
22399
58400
75696
13772
39259
50642
92687
-29057
84985
57198
-79188
17806
36670
39720
-47737
67034
-30213
23281
-12123
10270
-22461
-61172
-5860
74582
-54802
-90865
-41044
12871
-84873
-34180
12312
-65574
-42156
-36704
54026
42310
-12125
-34364
-37779
-25830
-74216
17483
-98963
16088
-64037
-87743
98215
27822
2296
-39451
-42433
27052
36440
-88807
48418
-11968
49185
71891
-84171
-39255
-68501
18001
95114
-64520
-85383
25649
-29706
-73597
78721
61158
74772
-57522
20241
50433
-19343
-26279
-65985
74869
-26820
-26445
94412
57044
-15466
11523
9289
-35432
14474
-49200
-78606
74618
-30801
43465
67598
48402
53429
95488
-8642
8424
70849
-81656
90431
6271
-36497
-56701
-58091
38212
98594
-46427
30308
96511
12920
-29680
-41400
35319
-29294
55085
-67066
92672
-74935
-90480
-24348
-20512
6628
-15121
830
-24271
99894
-8924
65369
-4929
87990
67093
-19332
-64385
-14556
-53684
30375
-43310
72579
86407
17693
-79014
59709
42358
1907
90968
-94949
-69210
-91709
79319
38649
68373
-20798
-13155
-31861
-8085
29498
-74038
51745
45869
-40586
-54161
80946
-20788
30628
-30319
40127
-80400
62828
-52975
-20544
98900
90983
66964
14236
66653
-78451
-17347
-5599
-89288
39857
27030
43943
-37546
-72525
-65520
60953
61834
42446
-21553
-20054
-73202
-79469
1141
-30478
-63183
38149
-27652
40744
-9032
16916
-20
60225
91919
74366
12657
95468
-68443
-18593
61488
-84491
35603
20321
53503
-10219
-35769
-23792
-2288
89959
-66998
78095
-98318
90154
99355
78246
-63863
-67654
69421
-20199
-45235
-58004
27009
-14794
59095
97772
-25455
-21756
-34887
82827
-12569
69680
42264
-88608
84261
-69824
59786
58053
89427
-65981
-69396
26514
-22326
35128
37406
20639
8360
-68063
-69480
-56726
